G	A	V	I	L	C	M	F	Y	W	S	T	D	N	E	Q	K	R	H	P
G	-1.77	-2.24	-2.77	-3.5	-3.79	-3.43	-3.02	-3.76	-3.34	-3.77	-1.68	-1.81	-1.84	-1.63	-1.58	-3.02	-1.32	-2.71	-2.47	-1.01
A			-3.51	-3.86	-4.45	-5.02	-3.99	-4.42	-4.43	-3.96	-4.66	-2.49	-2.38	-2.74	-2.06	-2.69	-3.65	-1.91	-3.26	-3.29	-1.78
V					-4.86	-5.31	-6.03	-4.82	-5.16	-5.33	-4.54	-4.7	-2.95	-2.87	-3.28	-2.76	-3.2	-4.29	-2.19	-3.7	-4.14	-2.43
I							-5.97	-6.67	-5.53	-5.37	-6.11	-5.39	-5.79	-3.47	-3.61	-3.46	-3.42	-3.99	-4.65	-2.88	-4.29	-4.55	-3.09
L									-7.16	-6.13	-6.24	-6.65	-5.67	-6.4	-4.12	-4.28	-4.16	-3.94	-4.35	-5.36	-3.24	-5.01	-4.85	-3.75
C											-7.23	-5.07	-4.81	-4.71	-4.7	-3.41	-2.92	-3.56	-1.76	-3.02	-4.37	-2.28	-4.41	-4.79	-2.97
M													-5.89	-5.58	-5.01	-5.49	-3.33	-3.33	-3.69	-3.05	-3.76	-4.46	-2.36	-4.13	-4.47	-3.11
F															-6.45	-5.33	-5.72	-4.01	-3.85	-3.52	-3.89	-4.1	-4.89	-2.7	-4.51	-3.82	-3.46
Y																	-4.58	-5.12	-3.43	-3.33	-3.63	-3.14	-3.62	-4.75	-2.64	-4.32	-3.78	-2.92
W																			-5.16	-2.86	-3.48	-3.81	-3.31	-3.84	-4.87	-3.12	-4.54	-4.5	-3.96
S																					-2.14	-2.22	-2.34	-2.13	-2.57	-3.06	-1.91	-2.78	-3.12	-1.56
T																							-2.12	-2.41	-2.05	-2.34	-3.44	-1.64	-2.43	-2.73	-1.24
D																									-2.47	-2.5	-2.35	-3.15	-2.47	-3.92	-2.93	-1.24
N																											-1.99	-2.43	-3 		-1.63	-2.67	-3.05	-1.01
E																													-2.85	-3.45	-2.83	-4.05	-3.15	-1.7
Q																															-4.71	-2.56	-4.13	-4.2	-2.67
K																																	-1.02	-2.11	-2.14	-0.5
R																																			-3.98	-3.24	-2.43
H																																					-3.08	-1.8
P																																							-0.83
